
Loading Saved Neural Network Parameters ...

Feedforward Using Neural Network ...
ans =

   0
   0
   0
   0
   0
   0
   0
   0
   0
   0
   0
   0
   0
   0
   0
   0
   0
   0
   0
   0
   0
   0
   0
   0
   0
   0
   0
   0
   0
   0
   0
   0
   0
   0
   0
   0
   0
   0
   0
   0
   0
   0
   0
   0
   0
   0
   0
   0
   0
   0
   0
   0
   0
   0
   0
   0
   0
   0
   0
   0
   0
   0
   0
   0
   0
   0
   0
   0
   0
   0
   0
   0
   0
   0
   0
   0
   0
   0
   0
   0
   0
   0
   0
   0
   0
   0
   0
   0
   0
   0
   0
   0
   0
   0
   0
   0
   0
   0
   0
   0
   0
   0
   0
   0
   0
   0
   0
   0
   0
   0
   0
   0
   0
   0
   0
   0
   0
   0
   0
   0
   0
   0
   0
   0
   0
   0
   0
   0
   0
   0
   0
   0
   0
   0
   0
   0
   0
   0
   0
   0
   0
   0
   0
   0
   0
   0
   0
   0
   0
   0
   0
   0
   0
   0
   0
   0
   0
   0
   0
   0
   0
   0
   0
   0
   0
   0
   0
   0
   0
   0
   0
   0
   0
   0
   0
   0
   0
   0
   0
   0
   0
   0
   0
   0
   0
   0
   0
   0
   0
   0
   0
   0
   0
   0
   0
   0
   0
   0
   0
   0
   0
   0
   0
   0
   0
   0
   0
   0
   0
   0
   0
   0
   0
   0
   0
   0
   0
   0
   0
   0
   0
   0
   0
   0
   0
   0
   0
   0
   0
   0
   0
   0
   0
   0
   0
   0
   0
   0
   0
   0
   0
   0
   0
   0
   0
   0
   0
   0
   0
   0
   0
   0
   0
   0
   0
   0
   0
   0
   0
   0
   0
   0
   0
   0
   0
   0
   0
   0
   0
   0
   0
   0
   0
   0
   0
   0
   0
   0
   0
   0
   0
   0
   0
   0
   0
   0
   0
   0
   0
   0
   0
   0
   0
   0
   0
   0
   0
   0
   0
   0
   0
   0
   0
   0
   0
   0
   0
   0
   0
   0
   0
   0
   0
   0
   0
   0
   0
   0
   0
   0
   0
   0
   0
   0
   0
   0
   0
   0
   0
   0
   0
   0
   0
   0
   0
   0
   0
   0
   0
   0
   0
   0
   0
   0
   0
   0
   0
   0
   0
   0
   0
   0
   0
   0
   0
   0
   0
   0
   0
   0
   0
   0
   0
   0
   0
   0
   0
   0
   0
   0
   0
   0
   0
   0
   0
   0
   0
   0
   0
   0
   0
   0
   0
   0
   0
   0
   0
   0
   0
   0
   0
   0
   0
   0
   0
   0
   0
   0
   0
   0
   0
   0
   0
   0
   0
   0
   0
   0
   0
   0
   0
   0
   0
   0
   0
   0
   0
   0
   0
   0
   0
   0
   0
   0
   0
   0
   0
   0
   0
   0
   0
   0
   0
   0
   0
   0
   0
   0
   0
   0
   0
   0
   0
   0
   0
   0
   0
   0
   0
   0
   0
   0
   0
   0
   0
   0
   0
   0
   0
   0
   0
   0
   0
   0
   0
   0
   0
   0
   0
   0
   0
   0
   0
   0
   0
   0
   0
   0
   0
   0
   0
   0
   0
   0
   0
   0
   0
   0
   0
   0
   0
   0
   0
   0
   0
   0
   0
   0
   0
   0
   1
   1
   1
   1
   1
   1
   1
   1
   1
   1
   1
   1
   1
   1
   1
   1
   1
   1
   1
   1
   1
   1
   1
   1
   1
   1
   1
   1
   1
   1
   1
   1
   1
   1
   1
   1
   1
   1
   1
   1
   1
   1
   1
   1
   1
   1
   1
   1
   1
   1
   1
   1
   1
   1
   1
   1
   1
   1
   1
   1
   1
   1
   1
   1
   1
   1
   1
   1
   1
   1
   1
   1
   1
   1
   1
   1
   1
   1
   1
   1
   1
   1
   1
   1
   1
   1
   1
   1
   1
   1
   1
   1
   1
   1
   1
   1
   1
   1
   1
   1
   1
   1
   1
   1
   1
   1
   1
   1
   1
   1
   1
   1
   1
   1
   1
   1
   1
   1
   1
   1
   1
   1
   1
   1
   1
   1
   1
   1
   1
   1
   1
   1
   1
   1
   1
   1
   1
   1
   1
   1
   1
   1
   1
   1
   1
   1
   1
   1
   1
   1
   1
   1
   1
   1
   1
   1
   1
   1
   1
   1
   1
   1
   1
   1
   1
   1
   1
   1
   1
   1
   1
   1
   1
   1
   1
   1
   1
   1
   1
   1
   1
   1
   1
   1
   1
   1
   1
   1
   1
   1
   1
   1
   1
   1
   1
   1
   1
   1
   1
   1
   1
   1
   1
   1
   1
   1
   1
   1
   1
   1
   1
   1
   1
   1
   1
   1
   1
   1
   1
   1
   1
   1
   1
   1
   1
   1
   1
   1
   1
   1
   1
   1
   1
   1
   1
   1
   1
   1
   1
   1
   1
   1
   1
   1
   1
   1
   1
   1
   1
   1
   1
   1
   1
   1
   1
   1
   1
   1
   1
   1
   1
   1
   1
   1
   1
   1
   1
   1
   1
   1
   1
   1
   1
   1
   1
   1
   1
   1
   1
   1
   1
   1
   1
   1
   1
   1
   1
   1
   1
   1
   1
   1
   1
   1
   1
   1
   1
   1
   1
   1
   1
   1
   1
   1
   1
   1
   1
   1
   1
   1
   1
   1
   1
   1
   1
   1
   1
   1
   1
   1
   1
   1
   1
   1
   1
   1
   1
   1
   1
   1
   1
   1
   1
   1
   1
   1
   1
   1
   1
   1
   1
   1
   1
   1
   1
   1
   1
   1
   1
   1
   1
   1
   1
   1
   1
   1
   1
   1
   1
   1
   1
   1
   1
   1
   1
   1
   1
   1
   1
   1
   1
   1
   1
   1
   1
   1
   1
   1
   1
   1
   1
   1
   1
   1
   1
   1
   1
   1
   1
   1
   1
   1
   1
   1
   1
   1
   1
   1
   1
   1
   1
   1
   1
   1
   1
   1
   1
   1
   1
   1
   1
   1
   1
   1
   1
   1
   1
   1
   1
   1
   1
   1
   1
   1
   1
   1
   1
   1
   1
   1
   1
   1
   1
   1
   1
   1
   1
   1
   1
   1
   1
   1
   1
   1
   1
   1
   1
   1
   1
   1
   1
   1
   1
   1
   1
   1
   1
   1
   1
   1
   1
   1
   1
   1
   1
   1
   1
   1
   1
   1
   1
   1
   1
   1
   1
   1
   1
   1
   1
   1
   1
   1
   1
   1
   1
   1
   1
   1
   1
   1
   1
   1
   1
   1
   1
   1
   1
   1
   1
   1
   2
   2
   2
   2
   2
   2
   2
   2
   2
   2
   2
   2
   2
   2
   2
   2
   2
   2
   2
   2
   2
   2
   2
   2
   2
   2
   2
   2
   2
   2
   2
   2
   2
   2
   2
   2
   2
   2
   2
   2
   2
   2
   2
   2
   2
   2
   2
   2
   2
   2
   2
   2
   2
   2
   2
   2
   2
   2
   2
   2
   2
   2
   2
   2
   2
   2
   2
   2
   2
   2
   2
   2
   2
   2
   2
   2
   2
   2
   2
   2
   2
   2
   2
   2
   2
   2
   2
   2
   2
   2
   2
   2
   2
   2
   2
   2
   2
   2
   2
   2
   2
   2
   2
   2
   2
   2
   2
   2
   2
   2
   2
   2
   2
   2
   2
   2
   2
   2
   2
   2
   2
   2
   2
   2
   2
   2
   2
   2
   2
   2
   2
   2
   2
   2
   2
   2
   2
   2
   2
   2
   2
   2
   2
   2
   2
   2
   2
   2
   2
   2
   2
   2
   2
   2
   2
   2
   2
   2
   2
   2
   2
   2
   2
   2
   2
   2
   2
   2
   2
   2
   2
   2
   2
   2
   2
   2
   2
   2
   2
   2
   2
   2
   2
   2
   2
   2
   2
   2
   2
   2
   2
   2
   2
   2
   2
   2
   2
   2
   2
   2
   2
   2
   2
   2
   2
   2
   2
   2
   2
   2
   2
   2
   2
   2
   2
   2
   2
   2
   2
   2
   2
   2
   2
   2
   2
   2
   2
   2
   2
   2
   2
   2
   2
   2
   2
   2
   2
   2
   2
   2
   2
   2
   2
   2
   2
   2
   2
   2
   2
   2
   2
   2
   2
   2
   2
   2
   2
   2
   2
   2
   2
   2
   2
   2
   2
   2
   2
   2
   2
   2
   2
   2
   2
   2
   2
   2
   2
   2
   2
   2
   2
   2
   2
   2
   2
   2
   2
   2
   2
   2
   2
   2
   2
   2
   2
   2
   2
   2
   2
   2
   2
   2
   2
   2
   2
   2
   2
   2
   2
   2
   2
   2
   2
   2
   2
   2
   2
   2
   2
   2
   2
   2
   2
   2
   2
   2
   2
   2
   2
   2
   2
   2
   2
   2
   2
   2
   2
   2
   2
   2
   2
   2
   2
   2
   2
   2
   2
   2
   2
   2
   2
   2
   2
   2
   2
   2
   2
   2
   2
   2
   2
   2
   2
   2
   2
   2
   2
   2
   2
   2
   2
   2
   2
   2
   2
   2
   2
   2
   2
   2
   2
   2
   2
   2
   2
   2
   2
   2
   2
   2
   2
   2
   2
   2
   2
   2
   2
   2
   2
   2
   2
   2
   2
   2
   2
   2
   2
   2
   2
   2
   2
   2
   2
   2
   2
   2
   2
   2
   2
   2
   2
   2
   2
   2
   2
   2
   2
   2
   2
   2
   2
   2
   2
   2
   2
   2
   2
   2
   2
   2
   2
   2
   2
   2
   2
   2
   2
   2
   2
   2
   2
   2
   2
   2
   2
   2
   2
   2
   2
   2
   2
   2
   2
   2
   2
   2
   2
   2
   2
   2
   2
   2
   2
   2
   2
   2
   2
   2
   2
   2
   2
   2
   2
   2
   2
   2
   2
   2
   2
   2
   2
   2
   2
   2
   2
   2
   2
   2
   2
   2
   3
   3
   3
   3
   3
   3
   3
   3
   3
   3
   3
   3
   3
   3
   3
   3
   3
   3
   3
   3
   3
   3
   3
   3
   3
   3
   3
   3
   3
   3
   3
   3
   3
   3
   3
   3
   3
   3
   3
   3
   3
   3
   3
   3
   3
   3
   3
   3
   3
   3
   3
   3
   3
   3
   3
   3
   3
   3
   3
   3
   3
   3
   3
   3
   3
   3
   3
   3
   3
   3
   3
   3
   3
   3
   3
   3
   3
   3
   3
   3
   3
   3
